
state={
	id=351
	name="STATE_351"

	history={
		owner = SOV
		buildings = {
			infrastructure = 2
		}
		add_core_of = SOV
	}

	provinces={
		39 60 75 81 84 93 106 129 160 163 166 174 196 2996 3057 3079 3085 3087 3099 3124 3154 3157 3160 3163 3164 3175 6017 6073 6091 6097 6112 6119 6182 6189 6190 9043 9102 9110 9113 9131 9133 9153 9168 9199 9202 9207 9210 9222 11035 11036 11062 11083 11086 11093 11095 11103 11107 11131 11165 11168 11177 11189 11213 
	}
	manpower=1594400
	buildings_max_level_factor=1.000
	state_category=pastoral
}
